[[0, 2], [9, 2], [-1, 1], [1, 3], [-1, 3], [2, 1], [-1, 3], [3, 3], [-1, 1], [4, 2], [-1, 1], [5, 4], [-1, 1], [6, 4], [-1, 1], [7, 3], [-1, 1], [8, 4], [-1, 2]]
[[0, 2], [9, 2], [-1, 1], [1, 3], [-1, 3], [2, 1], [-1, 3], [3, 3], [-1, 1], [4, 2], [-1, 1], [5, 4], [-1, 1], [6, 4], [-1, 1], [7, 3], [-1, 1], [8, 4], [-1, 2]]
[[0, 2], [9, 2], [-1, 1], [1, 3], [7, 3], [-1, 0], [2, 1], [-1, 3], [3, 3], [-1, 1], [4, 2], [-1, 1], [5, 4], [-1, 1], [6, 4], [-1, 5], [8, 4], [-1, 2]]
[[0, 2], [9, 2], [-1, 1], [1, 3], [7, 3], [-1, 0], [2, 1], [-1, 3], [3, 3], [-1, 1], [4, 2], [-1, 1], [5, 4], [-1, 1], [6, 4], [-1, 5], [8, 4], [-1, 2]]
[[0, 2], [9, 2], [-1, 1], [1, 3], [7, 3], [-1, 0], [2, 1], [-1, 3], [3, 3], [-1, 1], [4, 2], [-1, 1], [5, 4], [-1, 1], [6, 4], [-1, 5], [8, 4], [-1, 2]]
[[0, 2], [9, 2], [-1, 1], [1, 3], [7, 3], [-1, 0], [2, 1], [4, 2], [-1, 1], [3, 3], [-1, 4], [5, 4], [-1, 1], [6, 4], [-1, 5], [8, 4], [-1, 2]]
[[0, 2], [9, 2], [-1, 1], [1, 3], [7, 3], [-1, 0], [2, 1], [4, 2], [-1, 1], [3, 3], [-1, 4], [5, 4], [-1, 1], [6, 4], [-1, 5], [8, 4], [-1, 2]]
[[0, 2], [9, 2], [2, 1], [-1, 0], [1, 3], [7, 3], [-1, 1], [4, 2], [-1, 1], [3, 3], [-1, 4], [5, 4], [-1, 1], [6, 4], [-1, 5], [8, 4], [-1, 2]]
[[0, 2], [9, 2], [2, 1], [-1, 0], [1, 3], [7, 3], [-1, 1], [4, 2], [-1, 1], [3, 3], [-1, 4], [5, 4], [-1, 1], [6, 4], [-1, 5], [8, 4], [-1, 2]]
[[0, 2], [9, 2], [2, 1], [-1, 0], [1, 3], [7, 3], [-1, 1], [4, 2], [-1, 1], [3, 3], [-1, 4], [5, 4], [-1, 1], [6, 4], [-1, 5], [8, 4], [-1, 2]]





[[0, 2], [9, 2], [-1, 1], [1, 3], [-1, 3], [2, 1], [-1, 3], [3, 3], [-1, 1], [4, 2], [-1, 1], [5, 4], [-1, 1], [6, 4], [-1, 1], [7, 3], [-1, 1], [8, 4], [-1, 2]]
[[0, 2], [9, 2], [-1, 1], [1, 3], [-1, 3], [2, 1], [-1, 3], [3, 3], [-1, 1], [4, 2], [-1, 1], [5, 4], [-1, 1], [6, 4], [-1, 1], [7, 3], [-1, 1], [8, 4], [-1, 2]]
[[0, 2], [9, 2], [-1, 1], [1, 3], [7, 3], [2, 1], [-1, 3], [3, 3], [-1, 1], [4, 2], [-1, 1], [5, 4], [-1, 1], [6, 4], [-1, 1], [7, 3], [-1, 3], [8, 4], [-1, 2]]
[[0, 2], [9, 2], [-1, 1], [1, 3], [7, 3], [2, 1], [-1, 3], [3, 3], [-1, 1], [4, 2], [-1, 1], [5, 4], [-1, 1], [6, 4], [-1, 1], [7, 3], [-1, 3], [8, 4], [-1, 2]]
[[0, 2], [9, 2], [-1, 1], [1, 3], [7, 3], [2, 1], [-1, 3], [3, 3], [-1, 1], [4, 2], [-1, 1], [5, 4], [-1, 1], [6, 4], [-1, 1], [7, 3], [-1, 3], [8, 4], [-1, 2]]
[[0, 2], [9, 2], [-1, 1], [1, 3], [7, 3], [2, 1], [4, 2], [-1, 1], [3, 3], [-1, 4], [5, 4], [-1, 1], [6, 4], [-1, 1], [7, 3], [-1, 3], [8, 4], [-1, 2]]
[[0, 2], [9, 2], [-1, 1], [1, 3], [7, 3], [2, 1], [4, 2], [-1, 1], [3, 3], [-1, 4], [5, 4], [-1, 1], [6, 4], [-1, 1], [7, 3], [-1, 3], [8, 4], [-1, 2]]
[[0, 2], [9, 2], [2, 1], [1, 3], [7, 3], [2, 1], [-1, 2], [3, 3], [-1, 4], [5, 4], [-1, 1], [6, 4], [-1, 1], [7, 3], [-1, 3], [8, 4], [-1, 2]]
[[0, 2], [9, 2], [2, 1], [1, 3], [7, 3], [2, 1], [-1, 2], [3, 3], [-1, 4], [5, 4], [-1, 1], [6, 4], [-1, 1], [7, 3], [-1, 3], [8, 4], [-1, 2]]
[[0, 2], [9, 2], [2, 1], [1, 3], [7, 3], [2, 1], [-1, 2], [3, 3], [-1, 4], [5, 4], [-1, 1], [6, 4], [-1, 1], [7, 3], [-1, 3], [8, 4], [-1, 2]]